# Created by Octave 3.8.0, Sun Jan 22 18:15:29 2017 JST <kyoko@Kyoko-Matsumura.local>
# name: v
# type: matrix
# rows: 4
# columns: 1
 1000
 2000
 3000
 4000


